JUEGO DE LA VIDA - ESTADOS POR GENERACION
=========================================

GENERACION 0 (Estado inicial):
01011101110011000110011001100000011001101110010000
00011000001100010001100111011001100011011101101110
01101101010110111011001100010111111110000011000110
00111010110000101100100101111110000011011001010000
01100001100111101001010010011101001000100100000000
10100000001010101101110001100010001110111111100110
00000101110011011011100000010011110000001000100110
01011011000000101011100001111101110101001101011011
01011111110110011100111001011110100101111110100010
01010111100111111101001011000010110100101111110010
10000010010110000000001001110111111011001010000000
01101011010000100010001011101100001000011000010110
01010111001101100100001110100100110000110110010000
11010101000011011001010110011100101111010101101001
10010001001001011100001110110110110110101000011010
01000100110000110011010011000101100111110100100000
00001001110101101000001110111000010101010101011101
11010011010100111001100010000010100011000110010101
10111110100010000101100110011011101100010011011100
10011101000000010111000100111111111001011010110101
01110110100101111001111110100110111100001010001000
00110100111000111010001000101100000000001001100101
10111100100011100000110100111110000011111101011001
11101100000001111000100010010010111010100000011001
00000110111001101001100010001110110010001110101000
00101101000100001110000011100100011101100111011111
10001100010110011100100001000101100011000000101101
10000011001111101000011101001010111110010001111001
00111111100011011101111111010111000111101001100001
00011001000011100101111100111001010000011111001111
00000011010000010100110001100110011011011101100011
10010001110100100010010100001100010010011100101110
01110011100001010000000001000110000010000110011000
11010010101110010010000111010101110110101110001101
10011010101111110010111110110101001100111101000011
10101100111000110101100100100001111110111011110110
00100111101100001010011100110101000011010000110101
00001000101110110011100010100010110100110000110000
00110010000001000010000000101110001100100011010101
10101100110111111011101110011101011111111000110111
01111110011011011100001001111110000011111111000001
01111101110001001111100110111010001000000101011111
11010010111011101010001011110010110100100001011100
00111111100100001111010101111011001110011001100000
01011001011001111110000011110110111111111110000111
10110100100011010010110010010110001100011111011011
00001010011000011111110010111111011010001101011100
10111100101110111001001001100111110010000000001001
01110001001000111001010110100001101011010011011100
01101100001111010010110010011000011010011010000001

GENERACION 1:
11000010110001001110001000000000001000000000111110
01000001000000010000100001011100000000010000111010
01000011010111100010011000000000011000000000010010
00001010010000000000110101000000000011111101100000
00000001101110100001011010000001001000000000000000
00100010001000000000010001100000001101100011100111
11111101110110000000000000000000000001100000000000
10010000001100100000000001000000000001000001011001
01000000011100000000001100000000000101000000001010
11010000000000100110101010000000000100000000110001
10011000010100001110011000010000000011100010011111
11111000010000100000011000000000001101000010001000
00010000001100001110010000100010100011000111010111
01010101101000000010010000000000000000000101101101
00000001010011000101010000110000000000000111001100
10001010000010000010010000000101000000000110100011
01101100000011001110011000111110011100010101010101
01000000010100101111111000100010100001000100000001
00000000100000100100000111100000001101010000000100
10000000100011010100000000100000000010111010100111
01000000101001000000110010100000000100001010001101
00000000101100001100000010100001011111100001100111
00000010100010000101111101100011010110101111000100
00100001100000001000000111100000101010100001000101
00100001111011000011100110111010000010111000100000
10010001000101100010100010100000001100101000000001
01011001100000100010011100001101000000000000000000
01000000011000000011000001001000011000010000001100
00100000100000000101000001000000000001100000000000
10100000000010000100000000000001010000000000010100
10011010011010011100000111100010011111000000100000
11010000011000111000111011101000011010110000101010
00011010000001010000001101100001011010000001000000
00000010101000011001010000010101110010100001011100
00000010100000000110110000010000000000000000010000
10100000000000000100000000000001010000000010010100
01000010000011001000011110110000000000000000000101
00101000101011110010111100100000110100010000000000
11100001100000001000010010100000000000001001000101
00000001110100000011011110000001010000000000010100
00000000000000000000001000000001010000000001000000
00000000000000000001011000000010011110000101010001
10000000001111100000011000000010110010011001000001
00000000000100000001001100000000000000000001110001
01000000011101000000011100000000100001000000011100
11100111100111000000010110000000000000000001010000
00000011101000000000001110000000000010010001000000
10000111100001000000001000000000000010001101000010
00000010000000000111010110101100001011111111011111
00000101001000010010000010010000000010000000110000

GENERACION 2:
11000010110000111111000000110000000000000001000011
01100000011000011011001000001000011000000000000010
00000111001011100001001010101000000001000001001100
00000110010000100001000110000000011101111000100000
00000111101100000000000110100000001000001100000010
10101110000001000000111001000000001111100001000011
00001111110010000000000001100000000000000010011100
00010000000000000000000000000000000001000000011101
01000000010100000000011110000000000000000000001110
01011000010100001011000000000000000100100000100000
00000000001000011011100000000000001001100001100110
01000000010100010000100000000000000100000000100000
00000000101100000110110000000000000111000100010001
10101011101010001001011000110000000000001000000001
00001101010111000101011000000000000000001000001000
11011010000100001001010000000100001000000000110001
01111100000111011000000000111000111000000101100000
01100000000010100001100010001011000000000010001000
00000000110010100001111110110000000101010100000100
10000001100011001000000100110000001011101001000001
00000001101001100100000000110000000000001010111000
10000000101110001111000010110011010000101000100001
00000000100100000110111000010011000000100100001101
00000010000111000100000000000110111010100001100010
11110010011111100110100000000000011010101000000011
11011010001100100110100010100010000101101000000000
01011001111001100110111111011100010100010000000000
01010001010000000101101010001100000000100000000000
00100000010000000101000000000000111000100000000100
00100000010100000100000000100000110100100000000000
10011000011001100100011100110000000011100000101100
11000000011101000100010000000000000000100001110001
00111101001000000000000100001011000010110001000000
00000010010000111111010000011011011101000000011000
00000000010000000111110000001011010000000000010100
11000001000000001110100100110000000000000000000010
11110000000110011100100011110000011000000000001010
00110000110110111100100000100000000000000000000001
11110000001111110110000010000000011000000000001010
11000001010000000000110011000000000000000000101010
00000000100000000011000000000011010100000010001000
10000000000111000000100100000010000110001001000001
10000000001111000000000000000001110010001001010011
00000000010000100000100000000001110000000001010011
01100011110001000000110000000000000000000001000000
11100100000001000000010000000000000000000000010000
10000000000101000000010010000000000000001001000001
00000100110000000010010001000000000010000001001010
00000000100000000111001111011000000010110001011111
10000101110000000000001011011000000010111110000000

GENERACION 3:
00100010000000100001000101100000000000011110000010
01100100001100000000100101101000000000000000000010
00000101101101100001101011010000000111010000000100
00001000010010100000001000010000011111111100000100
00000000111000000000110000000000000000001100000010
00010000001110000000011100000000001111000110001011
10000001100000000000010001100000000100100000110000
00001111011000000000001111000000000000000000000000
10011000000000000000001100000000000000000000000010
00100000010100011010011100000000000001100001111000
00100000010100011010100000000000001111100001110000
00000000010100010000000000000000001100100001110010
01000000100010001110001000000000000110000000000001
10011010000001001001000000000000000010001100000001
00100000010001001101000000000000000000000000010000
11000010000000111110011000011000001000000001110000
00000100000101111001000000011011111000000011100000
01001000000000100001001010001101111000001111000000
11000001110110110001011010101000000101011110000000
00000000000110010000110110001000000111101011111000
00000000001000110000000000001000000000101000110000
10000000101011001001110001001011100000001001100111
10000001010001000000110000111000001000100001110101
01100001010000101000100000000110101000100000000000
00011011010000101000000000000111100010100000000010
00000010000000011000101010111100010101101000000000
01000111000101101000001000110010001011010000000000
01011001000000001100001011010100100000110000000000
01110000010000001101100000000000101001110000000000
01100000110000001100001000110000100110110000001100
10110000100001101110011000110000000010110001101001
11000100100111100000010100010000000010000001011001
11111110100100110000101000011011101110110001001000
00011110111000011000011000011000011111100000111000
00000000100000000000011000101011010000000000010100
10000000000000010000000010001000111000000000001010
00010000101111100000110010000000000000000000000110
00001000010000000001000010110000000000000000000010
00010000000000000111110010000000000000000000010010
10000000111111100100100011000000110000000000001000
01000000100010000001010010000011001110000001010100
10000000001001000001000000000010010110000111100010
00000000001000100000000000000010011110000011000000
01000001010100100000110000000001010000000011000010
00100011110001100000110000000000100000000000000001
00100011100001100000011000000000000000000000100001
10000000000010000000111000000000000000000000100001
10000000110000000111110001100000000001010011011000
00000010000000000111011000011000000110100101111011
01000010000000010000001000000000000000101111101000

GENERACION 4:
00100110000000000000001101110000000000010000000100
01100101011111100000111100000000000010110100000110
00001110100001100001101011011000000000010000000110
00000001000010100001001100100000001000000100000110
00000000100011000000100100000000010000000000000011
00000001001100000000000000000000001111001110010111
00001101100000000000010001100000001101000000010001
00011111010000000000010001100000000000000000000001
00011010110000000000000000000000000000000000110000
01100000000000011001010100000000000100100001001000
00000000110110100001011000000000001000010010000000
00000000110110010011000000000000000000100001010000
00000000000010011110000000000000001011000000100011
11110000000011010001000000000000000110000000000001
00110100000001000001100000000000000000000000010001
01000000000010000001100000011101101000000010010000
11000100000001000001111100000010000100000000010000
11000000101100001011011001000000000100010000100000
11000000101110110001000010001000110101000000010000
00000000110010001000110111001100000100000010001000
00000000011000111001001010011001000010101010000111
10000000101111010001010000101001000000000000000100
00000001011011110000000000111000100000010001011100
11110001011001100000110000010000100100110000100011
00110111000000101100010000010000101110100000000000
00001000100001001100010101100000111100000000000000
00101101000000100000001010000010011110001000000000
11011101100000000010010101011001000110001000000000
10001000010000010000010101011001100110001000000000
00000000110000000001101000110000010110001000011100
00010001100000101010010100001000000010110001100011
00000110110100001100100100000001000010000011001100
00000000100100001000100100100101100000110001000101
01000010101000111000100100100000000000110000100100
00001101100000011000011100001001000011000000100100
00000000010111100000101101010101111000000000001011
00000000011111100000100110010000010000000000000010
00011000011111000000000110000000000000000000000011
00000000100111000100010110100000000000000000000101
00000000111111000100000111000001111100000000111100
11000000100000100011000011000011000010000001011101
00000000010101000000100000000110110001000100000000
00000000011101100000100000000011010010000000000001
00000011010000110000110000000001010100000011000000
11100000011010010000000000000000100000000001000011
01000010010010100000000000000000000000000000000011
11000000010001000010000000000000000000000000100001
10000000000000000100000000110000000011100010001110
10000001000000001100001000110000000010100000000001
00000111000000000001111100110000000001100000001011

GENERACION 5:
01101000101111000001000001010000000000011000001001
01110001111110100001100000001000000000110000001000
00001100111000010001000011110000000000110000001001
00000111100010100001001001110000000000000000000000
00000001100011000000001100000000010010001010001000
10000011010110000000000000000000010001000100001100
10010000011000000000000001100000001001000100001001
00000000010000000000000001100000000000000000110000
00000010110000000000101000000000000000000000110000
00110001001000010000010000000000000000000001110000
00000000110111101001011000000000000000110011100000
00000000110000110001100000000000000101100001100000
01100000000000010100000000000000000011000000100011
01011000000011010101100000000000000111000000000000
00011000000001100010000000001000000100000000000001
01001000000011000010001000001111000000000000111000
00100000000110000000000100001111001100000000110000
00100000001001110010000010000000000100000000110001
11000001100011011111000000001100000100000000010000
10000000100010001001111001000100101101000100001111
00000000000000101001001010100010000000000100001111
00000000100000000000100001100101100000010000000001
00100001000000010000010000101001100000110000111100
11011001011110001000110000000001101111110000111111
10000111010000101100010000010001100011110000000001
00100000100001101100010111100001100001000000000000
01100001000000000100010000010001000000000000000000
11100001100000000000010101011111010001011100000000
11011101010000000001010101000001100001011100001000
00000001010000010001100110100000101000001000111111
00000010001000011010010100010000000010010011100010
00000010011000001001110110000011100000000010001101
00000110100100000001111110000011100001110011100100
00000110100000100100100110010011100000010001101100
00000111101110001000100000111011010001100000011100
00000000010000000000100000110011011000000000000011
00000000100000000000010001101000011000000000000000
00000000100000000000000000000000000000000000000101
00000000100000100000000000000000111000000000010101
00000001101000100100001000100011111100000000100001
10000000100000100011000101000100000110000000000110
00000000110101000000100000000100010011000000001011
00000000010101010001100000000100010010000010000000
01000000000010010000110000000011011000000011000010
01100011011100010000000000000000100000000011000010
00000000110110100000000000000000000000000000000000
01000000000001000000000000000000000001000000000000
00000000000000001110000000110000000010100000000110
10000001000000001110101101001000000010010000001000
10000101000000000000100010001000000001110000000111

GENERACION 6:
00001010000001000001000000011000000001001000001001
01000101000000100011100010001000000000000000011100
00111100000010110011000010001000000000110000000000
00001100000110100000001000010000000000010000000000
00000100010000000000001100100000000000000100001100
10000011010111000000000000000000011011001110011101
10000000010100000000000001100000000000000000001101
00000000000000000000000001100000000000000000101000
00000001111000000000010000000000000000000000001000
00000001001111110000000000000000000000000010000000
00000001000111001001011000000000000001110010000000
00000000111010000011110000000000000000010010010000
11110000000001010000000000000000000000000001100000
01001000000011010101000000000000000101000000000011
10000100000000000110000000001010000100000000010000
00101000000100100000000000010001001100000000101000
01110000000100000000000100001001001100000001000000
10100000000000010011000000000000000110000000001000
01000001110110000000010000001100000100000000110100
01000001100010100000011101001110001110000000010000
00000000000000010001001110100110110000001000001000
00000000000000010000110000100100100000111000000001
01110001011100000000010001110000000110001000100000
01111101011100001100111000010010000100001000100000
00111111010110100000010011100010000000010000011100
10100000100001100010110011110010000011000000000000
10010001000000001100110100010100000000101000000000
00001001000000000000010000011100000000010100000000
00011001010000000001010101011100000000000000001010
10001101011000011011010101100001110000100010101011
00000011101000011110010001000000110000000110100000
00000010011100011110000000000010100001010100011100
00000000101000000010000001000100010000110010100000
00001000101010000000000011111000010000010010000010
00000100101100000001110001001000011000100000110000
00000010011100000000110000000011000000000000001110
00000000110000000000000001100000111000000000000001
00000001110000000000000000000000100000000000001000
10000000100000000000000000000000000100000000001001
10000001100001110010000000000011000010000000001101
10000000001001100011000000000101000001000000000100
00000000110001000010100000001110001001000000000011
00000000110101000001000000000100010111000011000111
01100000110010011001110000000011011000000100000000
01100001010001110000000000000001110000000011000000
01100001110111100000000000000000000000000000000000
00000000000011000100000000000000000001000000000000
00000000000000001011000000110000000010100000000100
10000010000000001010010111101000000010010000001000
00000011100110000110110111111000000001000000001110

GENERACION 7:
00000000100011000100010100000100000000000000000000
00100000000000110000100000001100000000110000011100
00110000000110110010100100011000000000110000001000
00000010000110110000001000010000000000111000000000
00001100100000000000001100000000000000000110010110
10000010010110000000000001100000000000001110010001
10000000100100000000000001100000000000000100000001
00000000000000000000000001100000000000000000001000
00000001111011100000000000000000000000000000010000
00000011000000110000111000000000000000100000000000
00000001000000010011011000000000000000110111000000
01100000111000100011011000000000000000010010100000
11110000010101001000000000000000000000000001100001
00011000000011000100000000000000000010000000100001
11011100000011101110000000000000000100000000010001
00101000000000000000000000011111000010000000110000
00000000000000000000000000000000000000000000010000
10010000101110000000000000001100000010000000111000
11100001010111000000110000001010000000000000110000
00000001010111000000110001010001011110000000110000
00000000000000110000000010110000111100001000000000
00100000001000000000110110001111110000001100000000
11000010010100001000000001011000000110001100000000
00000001000000000000101010010000000110011000101000
00000001010110110101000110000111000010000000011000
00100100100011110101000100011110000001110000001000
01010001100000000101000011000110000001111000000000
00001011000000000000010010000010000000011000000000
00010001011000000011010001000110100000000000010010
00011100001000010001010001011001010000000110000011
00000000000000100000101011100000000000101110100011
00000010000100010001000000000001100000010100111000
00000001100000001010000011011100110000010111011100
00000001101000000001100010011100110000010000110000
00000101100010000001010011001100111000000000011010
00000001000100000001010001100001000000000000011110
00000000000000000000000000000000110000000000001010
10000001000000000000000000000000101000000000000001
10000000000000100000000000000001000000000000011011
01000001110001010011000000000011000010000000001100
10000001000010010110000000001001000011000000001100
10000000100001000010100000001000001101100000000000
10000001000001100010010000001001110111000010000101
11100001000010011001100000000011000110000100000010
10010001000100001000100000000011011000000010000000
01100001011100010000000000000000100000000000000000
00000000100100100110000000000000000001000000000000
00000000000000001011000010110000000010100000000000
00000010000000001000010100001000000010100000001010
00000010000010000110110100000100000011100000011011

GENERACION 8:
00000000000011101111010000000110000000010000000010
00110000000100011001111000010100000000110000011100
00110000000110001001010000010100000001000000011100
00011100000110110000011000011000000000101100001100
00000111001001000000001100100000000000000010001011
10000101111110000000000011100000000000001000001000
10000000001110000000000010010000000000001110000001
00000001001111000000000001100000000000000000000000
00000011110001110000010000000000000000000000000000
00000010010000010001101000000000000000110010000000
00000011010000010010000100000000000000111111000000
00010000111000110111011000000000000000111100100000
00001000110101100110000000000000000000000000110001
00000100000100010010000000000000000000000001110010
11000100000010101110000000001110000110000000010001
11101100000001000100000000001110000000000000111000
00010000000100000000000000010000000000000000000000
10100000111001000000000000001100000000000000001000
11100001010000000000110000011010001010000001000000
01000000000100000000110001011001000010000000110000
00000000001111100000001110110100000010001100000000
01000000001000010000000110000111000010010000000000
01000000001000000000101001110011101110000000000000
00000011000110011000000011110110000001011100001000
00000011000110010001101010010001000110001000001100
00100010010110010101100101000000000010001000011000
00111100100001101000100111000001000001000000000000
00111010010000000001000010000000000000001000000000
00010001111000000011011011101110100000001100000011
00011000011000000011011000011111100000001011000100
00001100000000110001110011110001000000010000100111
00000001000000010001000100011001110000110000000010
00000010110000000010100011110110000000110111000100
00000000000000000011100100000011000000001011000000
00000000010100000011010010000111001000000000000010
00000011100000000000000011100001001000000000000011
00000000000000000000000000000001110000000000011010
10000000000000000000000000000001100000000000011000
01000001000000100000000000000011100000000000011010
01000001100001011111000000000011100011000000000000
11000001010011001100000000000111000000100000001100
11000001100011000010000000011101011000100000001110
00000001100011110110010000000111110000100000000010
00100011100011111101110000000100000001000110000010
10010011000110001001100000000010011100000000000001
01100001010110011100000000000001110000000000000000
00000000110100011111000000000000000001000000000000
00000000000000011011000000010000000010100000000000
00000000000000001000010110011000000110110000011011
00000001000011001110110110001100000010100000011011

GENERACION 9:
00000000000100100000000100000010000001010000000011
00110000000100100000001000000100000000110000010010
00000000001001101001000000110100000001001000000010
00110100001000110000110100111000000000000100000000
00000001000001100000011110100000000000011000011011
10000101100001000000000010110000000000001010000110
10000011000000000000000010010000000000001100000001
00000011000000000000000001100000000000000100000000
00000010010101010000110000000000000000000000000000
00000100011000011001111000000000000000100011000000
00000011000000010100000100000000000001000001000000
00000000000001010001001000000000000000100000110000
00001000100111000000000000000000000000011000000000
00001100001100010001000000000100000000000001001010
00100110000011111010000000001010000000000001000001
00111100000011001110000000010010000000000000111001
10011000011010000000000000010010000000000000001000
10110000111000000000000000000100000000000000000000
10100000010000000000110000100010000100000000110000
11100000000101000000100111000010000011000000100000
00000000001011100000011000110101000111001000000000
00000000011011100000010000000100100011001000000000
00000000001000011000000000010000100111110000000000
00000011001010011001100010000100101001011100001100
00000100100001110011110000011010000111000000000100
00101010101100010010001001100000000111000000011100
01000011111011111010100101000000000000000000000000
00000010001000000011011000100111000000001100000000
00000101000000000000011011100000100000011010000010
00010100001000000000000000000000100000011011000100
00011100000000110000010111000000010000111001000101
00000111100000110010010100000101100000000011000001
00000001100000000010100111110100000000100101000000
00000000111000000100010100101000000000011001000000
00000001100000000010000110000100100000000000000011
00000001100000000000000011000000001000000000000011
00000001000000000000000001000010010000000000011010
00000000000000000000000000000000000000000000100001
11000001100000111110000000000000010000000000011100
01100011000011010010000000000000000001000000010000
00100010010000010001000000000000010000100000001011
11000010010100010010000000000000011001110000001010
01000000010100000000010000000001011001100000000010
00000000000000000000010000000100000000000000000010
10010000001000000001010000000011011000000000000001
11100011010000000000100000000001110000000000000000
00000000110110100001000000000000100001000000000000
00000000000000000001100000011000000110110000000000
00000000000000000000010110010100000110110000011011
00000000000010100000010110010010000110100000011000

GENERACION 10:
00000000000110110000000110000110000011010000011111
00000000001110100000000000001110000001011000000110
00001000001101000000111000100100000000111000000000
00000000000000000000110110001000000000010100000111
00001001100001010000110010001000000000011000001011
10000000100001100000001010110000000000000000001100
10000100000000000000000010010000000000001010000011
00000100100000000000000001100000000000001100000000
00000111110000111001001000000000000000000010000000
00000101111000010001001000000000000000000011000000
00000010000000010011000100000000000001100011000000
00000001000001001000000000000000000000110000100000
00001100001101000000000000000000000000010000110000
00011010001000011000000000000100000000000000000000
00100010000000000011000000001010000000000001001111
11100010000000001010000000011011000000000000111001
10000100101011000100000000001110000000000000001001
10101000100100000000000000000110000000000000010001
10000000110000000000110011000110000010000000110001
10100000001101100000100111010111000001000000110000
01000000011000000000111111101101000100100000000000
00000000011010000000011000110011100000001000000000
00000000001010001000100000001001100100000100000000
00000011010101000110010000010101011000011000001100
00000100101011000110010001111100001000001000010010
00000010001100000010001011110000000101000000001100
00000010100011111010100111000010000010000000001000
00000100001101110111000000100011000000011100000000
00001100000000000000111101100010100000000011000000
00010100000000000000010000100000110000000011000100
00010001000000110000000110000001010000101000100000
00000100100000110001110000001010100000101101100010
00000000000000000111110101110110000000011101100000
00000000000000000111000000101100000000011010000000
00000000000000000000001100000000000000000000000011
00000010000000000000000101000000010000000000000000
00000001100000000000000011000000000000000000010110
10000001100000011100000000000000000000000000100011
11100011100001111110000000000000000000000000111000
00100010000001000011000000000000000000000000010011
00100110101010011011000000000000011000010000011011
11100000110000000000000000000000000000010000000010
11000000000000000000000000000000111001010000000010
10000000001000000000011000000001000000000000000010
10100000000000000000010000000011011000000000000001
11100001010100000001100000000010001000000000000001
01000001111000000001000000000001110011100000000000
00000000000000000001100000011000000100010000000000
00000000000000000000010110110100001000000000011100
00000000000001000000000000001110000100000000011000

